n,total
0,0
1,189040
2,279320
3,195432
4,195432
5,195432
6,195432
7,195432
8,195432
9,195432
10,195432
11,195432
12,195432
13,195432
14,195432
15,195432
16,195432
17,195432
18,195432
19,195432
20,195432
21,195432
22,195432
23,195432
24,195432
25,195432
26,195432
27,195432
28,195432
29,195432
30,195432
31,195432
32,195432
33,195432
34,195432
35,195432
36,195432
37,195432
38,195432
39,195432
40,195432
41,195432
42,195432
43,195432
44,195432
45,195432
46,195432
47,195432
48,195432
49,195432
50,195432
51,195432
52,195432
53,195432
54,195432
55,195432
56,195432
57,195432
58,195432
59,195432
60,195432
61,195432
62,195432
63,195432
64,195432
65,195432
66,195432
67,195432
68,195432
69,195432
70,195432
71,195432
72,195432
73,195432
74,195432
75,195432
76,195432
77,195432
78,195432
