n,total
0,0
1,318608
2,277488
3,277488
4,277488
5,277488
6,277488
7,277488
8,277488
9,277488
10,277488
11,277488
12,277488
13,277488
14,277488
15,277488
16,277488
17,277488
18,277488
19,277488
20,277488
21,277488
22,277488
23,277488
24,277488
25,277488
26,277488
27,277488
28,277488
29,277488
30,277488
31,277488
32,277488
33,277488
34,277488
35,277488
36,277488
37,277488
38,277488
39,277488
40,277488
41,277488
42,277488
43,277488
44,277488
45,277488
46,277488
47,277488
48,277488
49,277488
50,277488
51,277488
52,277488
53,277488
