n,total
0,0
1,279320
2,196368
3,196368
4,196368
5,196368
6,196368
7,196368
8,196368
9,196368
10,196368
11,196368
12,196368
13,196368
14,196368
15,196368
16,196368
17,196368
18,196368
19,196368
20,196368
21,196368
22,196368
23,196368
24,196368
25,196368
26,196368
27,196368
28,196368
29,196368
30,196368
31,196368
32,196368
33,196368
34,196368
35,196368
36,196368
37,196368
38,196368
39,196368
40,196368
41,196368
42,196368
43,196368
44,196368
45,196368
46,196368
47,196368
48,196368
49,196368
50,196368
51,196368
52,196368
53,196368
54,196368
55,196368
56,196368
57,196368
58,196368
59,196368
60,196368
61,196368
62,196368
63,196368
64,196368
